< 05 00 55 04 00 38 00 00 C4
>>>> 01 00 55 06 00 02 00 00 00 38 C0 00 00
< 06 00 55 05 00 4B 00 02 00 AE 00
>>>> 03 00 55 0D 00 4C 00 02 00 00 00 00 06 3D EF 73 FF 01 00 00 00
< 06 00 55 05 00 4B 00 03 04 A9 00
>>>> 03 00 55 0D 00 4C 00 03 04 00 00 00 00 00 00 00 00 A0 00 00 00
< 06 00 55 05 00 4B 00 04 02 AA 00
>>>> 03 00 55 0D 00 4C 00 04 02 00 00 00 00 00 00 00 00 A1 00 00 00
< 06 00 55 05 00 4B 00 05 03 A8 00
>>>> 03 00 55 0D 00 4C 00 05 03 00 00 00 00 00 00 00 00 9F 00 00 00
< 06 00 55 05 00 4B 00 06 0D 9D 00
>>>> 03 00 55 0D 00 4C 00 06 0D 00 00 00 00 00 00 00 00 94 00 00 00
< 09 02 55 9E 00 39 00 07 0C 12 00 00 07 00 02 03 04 0A 0C 0D 00 00 00 02 00 00 02 00 0A 00 01 00 00 00 00 00 00 02 14 0E 00 02 01 42 4D 57 20 43 6F 6D 42 6F 78 00 06 00 02 04 09 50 00 06 00 02
< 09 03 05 03 00 00 10 00 02 06 48 61 72 6D 61 6E 42 65 63 6B 65 72 00 0B 00 02 07 42 45 20 42 30 32 37 00 0B 00 02 08 32 30 39 36 35 33 36 00 05 00 02 09 FF FC 0F 00 04 01 63 6F 6D 2E 62 6D 77
< 09 01 2E 61 34 61 00 0D 00 05 32 47 41 35 4A 45 34 41 58 4D 00 10 00 07 00 08 00 06 02 80 01 E0 02 80 01 E0 01 78 FF 00 00 00 00 00 00 00 00 00 00 00 00 00 00 00 00 00 00 00 00 00 00 00 00 00
>>>> 09 02 55 3D 00 3A 00 07 0C 03 00 00 00 03 00 01 00 04 00 02 00 01 04 00 02 00 04 04 00 02 00 05 04 00 02 00 06 04 00 02 00 07 04 00 02 00 08 04 00 02 00 09 04 00 04 00 01 03 00 05 00 03 00 07
>>>> 01 01 00 02 00 00 00 00 00 00 00 00 00
< 05 00 55 04 00 38 00 08 BC
>>>> 01 00 55 06 00 02 00 08 00 38 B8 00 00
< 06 00 55 05 00 4B 00 0A 00 A6 00
>>>> 03 00 55 0D 00 4C 00 0A 00 00 00 00 06 3D EF 73 FF F9 00 00 00
< 06 00 55 05 00 4B 00 0B 04 A1 00
>>>> 03 00 55 0D 00 4C 00 0B 04 00 00 00 00 00 00 00 00 98 00 00 00
< 06 00 55 05 00 4B 00 0C 02 A2 00
>>>> 03 00 55 0D 00 4C 00 0C 02 00 00 00 00 00 00 00 00 99 00 00 00
< 06 00 55 05 00 4B 00 0D 03 A0 00
>>>> 03 00 55 0D 00 4C 00 0D 03 00 00 00 00 00 00 00 00 97 00 00 00
< 06 00 55 05 00 4B 00 0E 0D 95 00
>>>> 03 00 55 0D 00 4C 00 0E 0D 00 00 00 00 00 00 00 00 8C 00 00 00
< 09 02 55 9E 00 39 00 0F 0C 12 00 00 07 00 02 03 04 0A 0C 0D 00 00 00 02 00 00 02 00 0A 00 01 00 00 00 00 00 00 02 14 0E 00 02 01 42 4D 57 20 43 6F 6D 42 6F 78 00 06 00 02 04 09 50 00 06 00 02
< 09 03 05 03 00 00 10 00 02 06 48 61 72 6D 61 6E 42 65 63 6B 65 72 00 0B 00 02 07 42 45 20 42 30 32 37 00 0B 00 02 08 32 30 39 36 35 33 36 00 05 00 02 09 FF FC 0F 00 04 01 63 6F 6D 2E 62 6D 77
< 09 01 2E 61 34 61 00 0D 00 05 32 47 41 35 4A 45 34 41 58 4D 00 10 00 07 00 08 00 06 02 80 01 E0 02 80 01 E0 01 78 F7 00 00 00 00 00 00 00 00 00 00 00 00 00 00 00 00 00 00 00 00 00 00 00 00 00
>>>> 09 02 55 3D 00 3A 00 0F 0C 03 00 00 00 03 00 01 00 04 00 02 00 01 04 00 02 00 04 04 00 02 00 05 04 00 02 00 06 04 00 02 00 07 04 00 02 00 08 04 00 02 00 09 04 00 04 00 01 03 00 05 00 03 00 07
>>>> 01 01 00 FA 00 00 00 00 00 00 00 00 00
< 05 00 55 04 00 38 00 10 B4
>>>> 01 00 55 06 00 02 00 10 00 38 B0 00 00
< 06 00 55 05 00 4B 00 12 00 9E 00
>>>> 03 00 55 0D 00 4C 00 12 00 00 00 00 06 3D EF 73 FF F1 00 00 00
< 06 00 55 05 00 4B 00 13 04 99 00
>>>> 03 00 55 0D 00 4C 00 13 04 00 00 00 00 00 00 00 00 90 00 00 00
< 06 00 55 05 00 4B 00 14 02 9A 00
>>>> 03 00 55 0D 00 4C 00 14 02 00 00 00 00 00 00 00 00 91 00 00 00
< 06 00 55 05 00 4B 00 15 03 98 00
>>>> 03 00 55 0D 00 4C 00 15 03 00 00 00 00 00 00 00 00 8F 00 00 00
< 06 00 55 05 00 4B 00 16 0D 8D 00
>>>> 03 00 55 0D 00 4C 00 16 0D 00 00 00 00 00 00 00 00 84 00 00 00
< 09 02 55 9E 00 39 00 17 0C 12 00 00 07 00 02 03 04 0A 0C 0D 00 00 00 02 00 00 02 00 0A 00 01 00 00 00 00 00 00 02 14 0E 00 02 01 42 4D 57 20 43 6F 6D 42 6F 78 00 06 00 02 04 09 50 00 06 00 02
< 09 03 05 03 00 00 10 00 02 06 48 61 72 6D 61 6E 42 65 63 6B 65 72 00 0B 00 02 07 42 45 20 42 30 32 37 00 0B 00 02 08 32 30 39 36 35 33 36 00 05 00 02 09 FF FC 0F 00 04 01 63 6F 6D 2E 62 6D 77
< 09 01 2E 61 34 61 00 0D 00 05 32 47 41 35 4A 45 34 41 58 4D 00 10 00 07 00 08 00 06 02 80 01 E0 02 80 01 E0 01 78 EF 00 00 00 00 00 00 00 00 00 00 00 00 00 00 00 00 00 00 00 00 00 00 00 00 00
>>>> 09 02 55 3D 00 3A 00 17 0C 03 00 00 00 03 00 01 00 04 00 02 00 01 04 00 02 00 04 04 00 02 00 05 04 00 02 00 06 04 00 02 00 07 04 00 02 00 08 04 00 02 00 09 04 00 04 00 01 03 00 05 00 03 00 07
>>>> 01 01 00 F2 00 00 00 00 00 00 00 00 00
< 05 00 55 04 00 38 00 18 AC
>>>> 01 00 55 06 00 02 00 18 00 38 A8 00 00
< 06 00 55 05 00 4B 00 1A 00 96 00
>>>> 03 00 55 0D 00 4C 00 1A 00 00 00 00 06 3D EF 73 FF E9 00 00 00
< 06 00 55 05 00 4B 00 1B 04 91 00
>>>> 03 00 55 0D 00 4C 00 1B 04 00 00 00 00 00 00 00 00 88 00 00 00
< 06 00 55 05 00 4B 00 1C 02 92 00
>>>> 03 00 55 0D 00 4C 00 1C 02 00 00 00 00 00 00 00 00 89 00 00 00
< 06 00 55 05 00 4B 00 1D 03 90 00
>>>> 03 00 55 0D 00 4C 00 1D 03 00 00 00 00 00 00 00 00 87 00 00 00
< 06 00 55 05 00 4B 00 1E 0D 85 00
>>>> 03 00 55 0D 00 4C 00 1E 0D 00 00 00 00 00 00 00 00 7C 00 00 00
< 09 02 55 9E 00 39 00 1F 0C 12 00 00 07 00 02 03 04 0A 0C 0D 00 00 00 02 00 00 02 00 0A 00 01 00 00 00 00 00 00 02 14 0E 00 02 01 42 4D 57 20 43 6F 6D 42 6F 78 00 06 00 02 04 09 50 00 06 00 02
< 09 03 05 03 00 00 10 00 02 06 48 61 72 6D 61 6E 42 65 63 6B 65 72 00 0B 00 02 07 42 45 20 42 30 32 37 00 0B 00 02 08 32 30 39 36 35 33 36 00 05 00 02 09 FF FC 0F 00 04 01 63 6F 6D 2E 62 6D 77
< 09 01 2E 61 34 61 00 0D 00 05 32 47 41 35 4A 45 34 41 58 4D 00 10 00 07 00 08 00 06 02 80 01 E0 02 80 01 E0 01 78 E7 00 00 00 00 00 00 00 00 00 00 00 00 00 00 00 00 00 00 00 00 00 00 00 00 00
>>>> 09 02 55 3D 00 3A 00 1F 0C 03 00 00 00 03 00 01 00 04 00 02 00 01 04 00 02 00 04 04 00 02 00 05 04 00 02 00 06 04 00 02 00 07 04 00 02 00 08 04 00 02 00 09 04 00 04 00 01 03 00 05 00 03 00 07
>>>> 01 01 00 EA 00 00 00 00 00 00 00 00 00
< 05 00 55 04 00 38 00 20 A4
>>>> 01 00 55 06 00 02 00 20 00 38 A0 00 00
< 06 00 55 05 00 4B 00 22 00 8E 00
>>>> 03 00 55 0D 00 4C 00 22 00 00 00 00 06 3D EF 73 FF E1 00 00 00
< 06 00 55 05 00 4B 00 23 04 89 00
>>>> 03 00 55 0D 00 4C 00 23 04 00 00 00 00 00 00 00 00 80 00 00 00
< 06 00 55 05 00 4B 00 24 02 8A 00
>>>> 03 00 55 0D 00 4C 00 24 02 00 00 00 00 00 00 00 00 81 00 00 00
< 06 00 55 05 00 4B 00 25 03 88 00
>>>> 03 00 55 0D 00 4C 00 25 03 00 00 00 00 00 00 00 00 7F 00 00 00
< 06 00 55 05 00 4B 00 26 0D 7D 00
>>>> 03 00 55 0D 00 4C 00 26 0D 00 00 00 00 00 00 00 00 74 00 00 00
< 09 02 55 9E 00 39 00 27 0C 12 00 00 07 00 02 03 04 0A 0C 0D 00 00 00 02 00 00 02 00 0A 00 01 00 00 00 00 00 00 02 14 0E 00 02 01 42 4D 57 20 43 6F 6D 42 6F 78 00 06 00 02 04 09 50 00 06 00 02
< 09 03 05 03 00 00 10 00 02 06 48 61 72 6D 61 6E 42 65 63 6B 65 72 00 0B 00 02 07 42 45 20 42 30 32 37 00 0B 00 02 08 32 30 39 36 35 33 36 00 05 00 02 09 FF FC 0F 00 04 01 63 6F 6D 2E 62 6D 77
< 09 01 2E 61 34 61 00 0D 00 05 32 47 41 35 4A 45 34 41 58 4D 00 10 00 07 00 08 00 06 02 80 01 E0 02 80 01 E0 01 78 DF 00 00 00 00 00 00 00 00 00 00 00 00 00 00 00 00 00 00 00 00 00 00 00 00 00
>>>> 09 02 55 3D 00 3A 00 27 0C 03 00 00 00 03 00 01 00 04 00 02 00 01 04 00 02 00 04 04 00 02 00 05 04 00 02 00 06 04 00 02 00 07 04 00 02 00 08 04 00 02 00 09 04 00 04 00 01 03 00 05 00 03 00 07
>>>> 01 01 00 E2 00 00 00 00 00 00 00 00 00
< 05 00 55 04 00 38 00 28 9C
>>>> 01 00 55 06 00 02 00 28 00 38 98 00 00
< 06 00 55 05 00 4B 00 2A 00 86 00
>>>> 03 00 55 0D 00 4C 00 2A 00 00 00 00 06 3D EF 73 FF D9 00 00 00
< 06 00 55 05 00 4B 00 2B 04 81 00
>>>> 03 00 55 0D 00 4C 00 2B 04 00 00 00 00 00 00 00 00 78 00 00 00
< 06 00 55 05 00 4B 00 2C 02 82 00
>>>> 03 00 55 0D 00 4C 00 2C 02 00 00 00 00 00 00 00 00 79 00 00 00
< 06 00 55 05 00 4B 00 2D 03 80 00
>>>> 03 00 55 0D 00 4C 00 2D 03 00 00 00 00 00 00 00 00 77 00 00 00
< 06 00 55 05 00 4B 00 2E 0D 75 00
>>>> 03 00 55 0D 00 4C 00 2E 0D 00 00 00 00 00 00 00 00 6C 00 00 00
< 09 02 55 9E 00 39 00 2F 0C 12 00 00 07 00 02 03 04 0A 0C 0D 00 00 00 02 00 00 02 00 0A 00 01 00 00 00 00 00 00 02 14 0E 00 02 01 42 4D 57 20 43 6F 6D 42 6F 78 00 06 00 02 04 09 50 00 06 00 02
< 09 03 05 03 00 00 10 00 02 06 48 61 72 6D 61 6E 42 65 63 6B 65 72 00 0B 00 02 07 42 45 20 42 30 32 37 00 0B 00 02 08 32 30 39 36 35 33 36 00 05 00 02 09 FF FC 0F 00 04 01 63 6F 6D 2E 62 6D 77
< 09 01 2E 61 34 61 00 0D 00 05 32 47 41 35 4A 45 34 41 58 4D 00 10 00 07 00 08 00 06 02 80 01 E0 02 80 01 E0 01 78 D7 00 00 00 00 00 00 00 00 00 00 00 00 00 00 00 00 00 00 00 00 00 00 00 00 00
>>>> 09 02 55 3D 00 3A 00 2F 0C 03 00 00 00 03 00 01 00 04 00 02 00 01 04 00 02 00 04 04 00 02 00 05 04 00 02 00 06 04 00 02 00 07 04 00 02 00 08 04 00 02 00 09 04 00 04 00 01 03 00 05 00 03 00 07
>>>> 01 01 00 DA 00 00 00 00 00 00 00 00 00
< 05 00 55 04 00 38 00 30 94
>>>> 01 00 55 06 00 02 00 30 00 38 90 00 00
< 06 00 55 05 00 4B 00 32 00 7E 00
>>>> 03 00 55 0D 00 4C 00 32 00 00 00 00 06 3D EF 73 FF D1 00 00 00
< 06 00 55 05 00 4B 00 33 04 79 00
>>>> 03 00 55 0D 00 4C 00 33 04 00 00 00 00 00 00 00 00 70 00 00 00
< 06 00 55 05 00 4B 00 34 02 7A 00
>>>> 03 00 55 0D 00 4C 00 34 02 00 00 00 00 00 00 00 00 71 00 00 00
< 06 00 55 05 00 4B 00 35 03 78 00
>>>> 03 00 55 0D 00 4C 00 35 03 00 00 00 00 00 00 00 00 6F 00 00 00
< 06 00 55 05 00 4B 00 36 0D 6D 00
>>>> 03 00 55 0D 00 4C 00 36 0D 00 00 00 00 00 00 00 00 64 00 00 00
< 09 02 55 9E 00 39 00 37 0C 12 00 00 07 00 02 03 04 0A 0C 0D 00 00 00 02 00 00 02 00 0A 00 01 00 00 00 00 00 00 02 14 0E 00 02 01 42 4D 57 20 43 6F 6D 42 6F 78 00 06 00 02 04 09 50 00 06 00 02
< 09 03 05 03 00 00 10 00 02 06 48 61 72 6D 61 6E 42 65 63 6B 65 72 00 0B 00 02 07 42 45 20 42 30 32 37 00 0B 00 02 08 32 30 39 36 35 33 36 00 05 00 02 09 FF FC 0F 00 04 01 63 6F 6D 2E 62 6D 77
< 09 01 2E 61 34 61 00 0D 00 05 32 47 41 35 4A 45 34 41 58 4D 00 10 00 07 00 08 00 06 02 80 01 E0 02 80 01 E0 01 78 CF 00 00 00 00 00 00 00 00 00 00 00 00 00 00 00 00 00 00 00 00 00 00 00 00 00
>>>> 09 02 55 3D 00 3A 00 37 0C 03 00 00 00 03 00 01 00 04 00 02 00 01 04 00 02 00 04 04 00 02 00 05 04 00 02 00 06 04 00 02 00 07 04 00 02 00 08 04 00 02 00 09 04 00 04 00 01 03 00 05 00 03 00 07
>>>> 01 01 00 D2 00 00 00 00 00 00 00 00 00
< 05 00 55 04 00 38 00 38 8C
>>>> 01 00 55 06 00 02 00 38 00 38 88 00 00
< 06 00 55 05 00 4B 00 3A 00 76 00
>>>> 03 00 55 0D 00 4C 00 3A 00 00 00 00 06 3D EF 73 FF C9 00 00 00
< 06 00 55 05 00 4B 00 3B 04 71 00
>>>> 03 00 55 0D 00 4C 00 3B 04 00 00 00 00 00 00 00 00 68 00 00 00
< 06 00 55 05 00 4B 00 3C 02 72 00
>>>> 03 00 55 0D 00 4C 00 3C 02 00 00 00 00 00 00 00 00 69 00 00 00
< 06 00 55 05 00 4B 00 3D 03 70 00
>>>> 03 00 55 0D 00 4C 00 3D 03 00 00 00 00 00 00 00 00 67 00 00 00
< 06 00 55 05 00 4B 00 3E 0D 65 00
>>>> 03 00 55 0D 00 4C 00 3E 0D 00 00 00 00 00 00 00 00 5C 00 00 00
< 09 02 55 9E 00 39 00 3F 0C 12 00 00 07 00 02 03 04 0A 0C 0D 00 00 00 02 00 00 02 00 0A 00 01 00 00 00 00 00 00 02 14 0E 00 02 01 42 4D 57 20 43 6F 6D 42 6F 78 00 06 00 02 04 09 50 00 06 00 02
< 09 03 05 03 00 00 10 00 02 06 48 61 72 6D 61 6E 42 65 63 6B 65 72 00 0B 00 02 07 42 45 20 42 30 32 37 00 0B 00 02 08 32 30 39 36 35 33 36 00 05 00 02 09 FF FC 0F 00 04 01 63 6F 6D 2E 62 6D 77
< 09 01 2E 61 34 61 00 0D 00 05 32 47 41 35 4A 45 34 41 58 4D 00 10 00 07 00 08 00 06 02 80 01 E0 02 80 01 E0 01 78 C7 00 00 00 00 00 00 00 00 00 00 00 00 00 00 00 00 00 00 00 00 00 00 00 00 00
>>>> 09 02 55 3D 00 3A 00 3F 0C 03 00 00 00 03 00 01 00 04 00 02 00 01 04 00 02 00 04 04 00 02 00 05 04 00 02 00 06 04 00 02 00 07 04 00 02 00 08 04 00 02 00 09 04 00 04 00 01 03 00 05 00 03 00 07
>>>> 01 01 00 CA 00 00 00 00 00 00 00 00 00
< 05 00 55 04 00 38 00 40 84
>>>> 01 00 55 06 00 02 00 40 00 38 80 00 00
< 06 00 55 05 00 4B 00 42 00 6E 00
>>>> 03 00 55 0D 00 4C 00 42 00 00 00 00 06 3D EF 73 FF C1 00 00 00
< 06 00 55 05 00 4B 00 43 04 69 00
>>>> 03 00 55 0D 00 4C 00 43 04 00 00 00 00 00 00 00 00 60 00 00 00
< 06 00 55 05 00 4B 00 44 02 6A 00
>>>> 03 00 55 0D 00 4C 00 44 02 00 00 00 00 00 00 00 00 61 00 00 00
< 06 00 55 05 00 4B 00 45 03 68 00
>>>> 03 00 55 0D 00 4C 00 45 03 00 00 00 00 00 00 00 00 5F 00 00 00
< 06 00 55 05 00 4B 00 46 0D 5D 00
>>>> 03 00 55 0D 00 4C 00 46 0D 00 00 00 00 00 00 00 00 54 00 00 00
< 09 02 55 9E 00 39 00 47 0C 12 00 00 07 00 02 03 04 0A 0C 0D 00 00 00 02 00 00 02 00 0A 00 01 00 00 00 00 00 00 02 14 0E 00 02 01 42 4D 57 20 43 6F 6D 42 6F 78 00 06 00 02 04 09 50 00 06 00 02
< 09 03 05 03 00 00 10 00 02 06 48 61 72 6D 61 6E 42 65 63 6B 65 72 00 0B 00 02 07 42 45 20 42 30 32 37 00 0B 00 02 08 32 30 39 36 35 33 36 00 05 00 02 09 FF FC 0F 00 04 01 63 6F 6D 2E 62 6D 77
< 09 01 2E 61 34 61 00 0D 00 05 32 47 41 35 4A 45 34 41 58 4D 00 10 00 07 00 08 00 06 02 80 01 E0 02 80 01 E0 01 78 BF 00 00 00 00 00 00 00 00 00 00 00 00 00 00 00 00 00 00 00 00 00 00 00 00 00
>>>> 09 02 55 3D 00 3A 00 47 0C 03 00 00 00 03 00 01 00 04 00 02 00 01 04 00 02 00 04 04 00 02 00 05 04 00 02 00 06 04 00 02 00 07 04 00 02 00 08 04 00 02 00 09 04 00 04 00 01 03 00 05 00 03 00 07
>>>> 01 01 00 C2 00 00 00 00 00 00 00 00 00
< 05 00 55 04 00 38 00 48 7C
>>>> 01 00 55 06 00 02 00 48 00 38 78 00 00
< 06 00 55 05 00 4B 00 4A 00 66 00
>>>> 03 00 55 0D 00 4C 00 4A 00 00 00 00 06 3D EF 73 FF B9 00 00 00
< 06 00 55 05 00 4B 00 4B 04 61 00
>>>> 03 00 55 0D 00 4C 00 4B 04 00 00 00 00 00 00 00 00 58 00 00 00
< 06 00 55 05 00 4B 00 4C 02 62 00
>>>> 03 00 55 0D 00 4C 00 4C 02 00 00 00 00 00 00 00 00 59 00 00 00
< 06 00 55 05 00 4B 00 4D 03 60 00
>>>> 03 00 55 0D 00 4C 00 4D 03 00 00 00 00 00 00 00 00 57 00 00 00
< 06 00 55 05 00 4B 00 4E 0D 55 00
>>>> 03 00 55 0D 00 4C 00 4E 0D 00 00 00 00 00 00 00 00 4C 00 00 00
< 09 02 55 9E 00 39 00 4F 0C 12 00 00 07 00 02 03 04 0A 0C 0D 00 00 00 02 00 00 02 00 0A 00 01 00 00 00 00 00 00 02 14 0E 00 02 01 42 4D 57 20 43 6F 6D 42 6F 78 00 06 00 02 04 09 50 00 06 00 02
< 09 03 05 03 00 00 10 00 02 06 48 61 72 6D 61 6E 42 65 63 6B 65 72 00 0B 00 02 07 42 45 20 42 30 32 37 00 0B 00 02 08 32 30 39 36 35 33 36 00 05 00 02 09 FF FC 0F 00 04 01 63 6F 6D 2E 62 6D 77
< 09 01 2E 61 34 61 00 0D 00 05 32 47 41 35 4A 45 34 41 58 4D 00 10 00 07 00 08 00 06 02 80 01 E0 02 80 01 E0 01 78 B7 00 00 00 00 00 00 00 00 00 00 00 00 00 00 00 00 00 00 00 00 00 00 00 00 00
>>>> 09 02 55 3D 00 3A 00 4F 0C 03 00 00 00 03 00 01 00 04 00 02 00 01 04 00 02 00 04 04 00 02 00 05 04 00 02 00 06 04 00 02 00 07 04 00 02 00 08 04 00 02 00 09 04 00 04 00 01 03 00 05 00 03 00 07
>>>> 01 01 00 BA 00 00 00 00 00 00 00 00 00
< 05 00 55 04 00 38 00 50 74
>>>> 01 00 55 06 00 02 00 50 00 38 70 00 00
< 06 00 55 05 00 4B 00 52 00 5E 00
>>>> 03 00 55 0D 00 4C 00 52 00 00 00 00 06 3D EF 73 FF B1 00 00 00
< 06 00 55 05 00 4B 00 53 04 59 00
>>>> 03 00 55 0D 00 4C 00 53 04 00 00 00 00 00 00 00 00 50 00 00 00
< 06 00 55 05 00 4B 00 54 02 5A 00
>>>> 03 00 55 0D 00 4C 00 54 02 00 00 00 00 00 00 00 00 51 00 00 00
< 06 00 55 05 00 4B 00 55 03 58 00
>>>> 03 00 55 0D 00 4C 00 55 03 00 00 00 00 00 00 00 00 4F 00 00 00
< 06 00 55 05 00 4B 00 56 0D 4D 00
>>>> 03 00 55 0D 00 4C 00 56 0D 00 00 00 00 00 00 00 00 44 00 00 00
< 09 02 55 9E 00 39 00 57 0C 12 00 00 07 00 02 03 04 0A 0C 0D 00 00 00 02 00 00 02 00 0A 00 01 00 00 00 00 00 00 02 14 0E 00 02 01 42 4D 57 20 43 6F 6D 42 6F 78 00 06 00 02 04 09 50 00 06 00 02
< 09 03 05 03 00 00 10 00 02 06 48 61 72 6D 61 6E 42 65 63 6B 65 72 00 0B 00 02 07 42 45 20 42 30 32 37 00 0B 00 02 08 32 30 39 36 35 33 36 00 05 00 02 09 FF FC 0F 00 04 01 63 6F 6D 2E 62 6D 77
< 09 01 2E 61 34 61 00 0D 00 05 32 47 41 35 4A 45 34 41 58 4D 00 10 00 07 00 08 00 06 02 80 01 E0 02 80 01 E0 01 78 AF 00 00 00 00 00 00 00 00 00 00 00 00 00 00 00 00 00 00 00 00 00 00 00 00 00
>>>> 09 02 55 3D 00 3A 00 57 0C 03 00 00 00 03 00 01 00 04 00 02 00 01 04 00 02 00 04 04 00 02 00 05 04 00 02 00 06 04 00 02 00 07 04 00 02 00 08 04 00 02 00 09 04 00 04 00 01 03 00 05 00 03 00 07
>>>> 01 01 00 B2 00 00 00 00 00 00 00 00 00
< 05 00 55 04 00 38 00 58 6C
>>>> 01 00 55 06 00 02 00 58 00 38 68 00 00
< 06 00 55 05 00 4B 00 5A 00 56 00
